0
0
0
0
0
0
0
0
0
0
0
0
0
0
0
0
0
0
0
0
0
0
0
0
0
0
3
0
0
0
0
0
0
0
0
0
0
0
0
0
0
0
0
0
0
4
6
6
4
6
6
6
3
3
3
3
0
0
0
0
0
0
0
4
a
9
9
9
8
a
a
a
a
a
5
6
7
4
0
0
0
0
4
8
8
8
9
9
8
8
a
a
a
a
a
6
6
6
0
0
0
0
6
8
a
8
8
8
8
a
a
a
a
a
a
6
6
7
0
0
0
5
6
a
a
a
a
a
a
a
a
a
a
a
6
6
6
7
0
0
0
6
a
a
a
a
a
a
a
a
a
a
a
a
6
6
6
7
3
0
0
6
a
a
a
a
a
a
a
a
a
a
6
6
6
6
6
6
4
0
0
6
6
6
a
a
a
a
a
a
6
6
6
6
6
6
6
6
3
0
0
0
3
7
7
6
6
6
6
6
6
6
6
6
6
a
3
6
0
0
0
0
0
0
3
7
6
6
6
6
6
6
6
1
6
4
6
0
0
0
0
0
0
0
0
3
6
7
6
6
4
3
0
0
0
0
0
0
0
0
0
0
0
0
0
0
0
0
0
0
0
0
0
0
0
0
0
0
0
0
0
0
0
0
0
0
0
0
0
0
0
0
0
0
0
0
0
0
0
0
